00DOADOR 29-11-2024 15:00:00 01
02 00001 2024-11-30 08:00:00 12345678901 00001 00001 00001 1
02 00002 2024-12-01 09:00:00 12345678902 00001 00001 00001 1
02 00003 2024-12-02 10:00:00 12345678903 00001 00001 00001 1
02 00004 2024-12-05 11:00:00 12345678904 00001 00001 00001 1
02 00005 2024-12-10 12:00:00 12345678905 00001 00001 00001 1
02 00006 2024-12-12 13:00:00 12345678906 00001 00001 00001 1
02 00007 2024-12-15 14:00:00 12345678907 00001 00001 00001 1
02 00008 2024-12-20 15:00:00 12345678908 00001 00001 00001 1
02 00009 2024-12-25 16:00:00 12345678909 00001 00001 00001 1
02 00010 2024-12-28 17:00:00 12345678910 00001 00001 00001 1
01 00010
